900 ADD 700000 20 BUY 93 9951
900 ADD 700001 21 SELL 63 9953
901 CANCEL 700000 20 BUY 0 0
901 CANCEL 700001 21 SELL 0 0
901 ADD 700002 20 BUY 82 9951
901 ADD 700003 21 SELL 85 9955
902 CANCEL 700002 20 BUY 0 0
902 CANCEL 700003 21 SELL 0 0
902 ADD 700004 20 BUY 71 9954
902 ADD 700005 21 SELL 86 9956
903 CANCEL 700004 20 BUY 0 0
903 CANCEL 700005 21 SELL 0 0
903 ADD 700006 20 BUY 135 9957
903 ADD 700007 21 SELL 43 9959
904 CANCEL 700006 20 BUY 0 0
904 CANCEL 700007 21 SELL 0 0
904 ADD 700008 20 BUY 71 9957
904 ADD 700009 21 SELL 11 9959
905 CANCEL 700008 20 BUY 0 0
905 CANCEL 700009 21 SELL 0 0
905 ADD 700010 20 BUY 79 9959
905 ADD 700011 21 SELL 52 9963
906 CANCEL 700010 20 BUY 0 0
906 CANCEL 700011 21 SELL 0 0
906 ADD 700012 20 BUY 70 9963
906 ADD 700013 21 SELL 8 9965
907 CANCEL 700012 20 BUY 0 0
907 CANCEL 700013 21 SELL 0 0
907 ADD 700014 20 BUY 121 9968
907 ADD 700015 21 SELL 9 9970
908 CANCEL 700014 20 BUY 0 0
908 CANCEL 700015 21 SELL 0 0
908 ADD 700016 20 BUY 136 9974
908 ADD 700017 21 SELL 47 9976
909 CANCEL 700016 20 BUY 0 0
909 CANCEL 700017 21 SELL 0 0
909 ADD 700018 20 BUY 115 9976
909 ADD 700019 21 SELL 8 9982
910 CANCEL 700018 20 BUY 0 0
910 CANCEL 700019 21 SELL 0 0
910 ADD 700020 20 BUY 179 9982
910 ADD 700021 21 SELL 18 9986
911 CANCEL 700020 20 BUY 0 0
911 CANCEL 700021 21 SELL 0 0
911 ADD 700022 20 BUY 122 9984
911 ADD 700023 21 SELL 14 9988
912 CANCEL 700022 20 BUY 0 0
912 CANCEL 700023 21 SELL 0 0
912 ADD 700024 20 BUY 128 9985
912 ADD 700025 21 SELL 8 9987
913 CANCEL 700024 20 BUY 0 0
913 CANCEL 700025 21 SELL 0 0
913 ADD 700026 20 BUY 110 9988
913 ADD 700027 21 SELL 43 9990
914 CANCEL 700026 20 BUY 0 0
914 CANCEL 700027 21 SELL 0 0
914 ADD 700028 20 BUY 126 9991
914 ADD 700029 21 SELL 71 9993
915 CANCEL 700028 20 BUY 0 0
915 CANCEL 700029 21 SELL 0 0
915 ADD 700030 20 BUY 138 9991
915 ADD 700031 21 SELL 22 9993
916 CANCEL 700030 20 BUY 0 0
916 CANCEL 700031 21 SELL 0 0
916 ADD 700032 20 BUY 111 9995
916 ADD 700033 21 SELL 8 9997
917 CANCEL 700032 20 BUY 0 0
917 CANCEL 700033 21 SELL 0 0
917 ADD 700034 20 BUY 136 9998
917 ADD 700035 21 SELL 10 10000
918 CANCEL 700034 20 BUY 0 0
918 CANCEL 700035 21 SELL 0 0
918 ADD 700036 20 BUY 84 10003
918 ADD 700037 21 SELL 18 10005
919 CANCEL 700036 20 BUY 0 0
919 CANCEL 700037 21 SELL 0 0
919 ADD 700038 20 BUY 137 10007
919 ADD 700039 21 SELL 9 10009
920 CANCEL 700038 20 BUY 0 0
920 CANCEL 700039 21 SELL 0 0
920 ADD 700040 20 BUY 76 10011
920 ADD 700041 21 SELL 28 10013
921 CANCEL 700040 20 BUY 0 0
921 CANCEL 700041 21 SELL 0 0
921 ADD 700042 20 BUY 187 10011
921 ADD 700043 21 SELL 12 10017
922 CANCEL 700042 20 BUY 0 0
922 CANCEL 700043 21 SELL 0 0
922 ADD 700044 20 BUY 202 10015
922 ADD 700045 21 SELL 10 10021
923 CANCEL 700044 20 BUY 0 0
923 CANCEL 700045 21 SELL 0 0
923 ADD 700046 20 BUY 92 10022
923 ADD 700047 21 SELL 11 10024
924 CANCEL 700046 20 BUY 0 0
924 CANCEL 700047 21 SELL 0 0
924 ADD 700048 20 BUY 128 10024
924 ADD 700049 21 SELL 38 10028
925 CANCEL 700048 20 BUY 0 0
925 CANCEL 700049 21 SELL 0 0
925 ADD 700050 20 BUY 157 10029
925 ADD 700051 21 SELL 42 10033
926 CANCEL 700050 20 BUY 0 0
926 CANCEL 700051 21 SELL 0 0
926 ADD 700052 20 BUY 116 10034
926 ADD 700053 21 SELL 15 10036
927 CANCEL 700052 20 BUY 0 0
927 CANCEL 700053 21 SELL 0 0
927 ADD 700054 20 BUY 94 10032
927 ADD 700055 21 SELL 8 10034
928 CANCEL 700054 20 BUY 0 0
928 CANCEL 700055 21 SELL 0 0
928 ADD 700056 20 BUY 191 10032
928 ADD 700057 21 SELL 16 10036
929 CANCEL 700056 20 BUY 0 0
929 CANCEL 700057 21 SELL 0 0
929 ADD 700058 20 BUY 86 10035
929 ADD 700059 21 SELL 8 10037
930 CANCEL 700058 20 BUY 0 0
930 CANCEL 700059 21 SELL 0 0
930 ADD 700060 20 BUY 83 10039
930 ADD 700061 21 SELL 8 10041
931 CANCEL 700060 20 BUY 0 0
931 CANCEL 700061 21 SELL 0 0
931 ADD 700062 20 BUY 177 10040
931 ADD 700063 21 SELL 8 10046
932 CANCEL 700062 20 BUY 0 0
932 CANCEL 700063 21 SELL 0 0
932 ADD 700064 20 BUY 73 10041
932 ADD 700065 21 SELL 19 10045
933 CANCEL 700064 20 BUY 0 0
933 CANCEL 700065 21 SELL 0 0
933 ADD 700066 20 BUY 164 10044
933 ADD 700067 21 SELL 48 10046
934 CANCEL 700066 20 BUY 0 0
934 CANCEL 700067 21 SELL 0 0
934 ADD 700068 20 BUY 157 10045
934 ADD 700069 21 SELL 11 10047
935 CANCEL 700068 20 BUY 0 0
935 CANCEL 700069 21 SELL 0 0
935 ADD 700070 20 BUY 149 10042
935 ADD 700071 21 SELL 16 10044
936 CANCEL 700070 20 BUY 0 0
936 CANCEL 700071 21 SELL 0 0
936 ADD 700072 20 BUY 177 10044
936 ADD 700073 21 SELL 26 10046
937 CANCEL 700072 20 BUY 0 0
937 CANCEL 700073 21 SELL 0 0
937 ADD 700074 20 BUY 67 10045
937 ADD 700075 21 SELL 71 10047
938 CANCEL 700074 20 BUY 0 0
938 CANCEL 700075 21 SELL 0 0
938 ADD 700076 20 BUY 70 10046
938 ADD 700077 21 SELL 47 10048
939 CANCEL 700076 20 BUY 0 0
939 CANCEL 700077 21 SELL 0 0
939 ADD 700078 20 BUY 66 10045
939 ADD 700079 21 SELL 59 10047
940 CANCEL 700078 20 BUY 0 0
940 CANCEL 700079 21 SELL 0 0
940 ADD 700080 20 BUY 64 10044
940 ADD 700081 21 SELL 122 10046
941 CANCEL 700080 20 BUY 0 0
941 CANCEL 700081 21 SELL 0 0
941 ADD 700082 20 BUY 98 10041
941 ADD 700083 21 SELL 85 10043
942 CANCEL 700082 20 BUY 0 0
942 CANCEL 700083 21 SELL 0 0
942 ADD 700084 20 BUY 59 10042
942 ADD 700085 21 SELL 97 10044
943 CANCEL 700084 20 BUY 0 0
943 CANCEL 700085 21 SELL 0 0
943 ADD 700086 20 BUY 36 10039
943 ADD 700087 21 SELL 62 10041
944 CANCEL 700086 20 BUY 0 0
944 CANCEL 700087 21 SELL 0 0
944 ADD 700088 20 BUY 67 10037
944 ADD 700089 21 SELL 69 10039
945 CANCEL 700088 20 BUY 0 0
945 CANCEL 700089 21 SELL 0 0
945 ADD 700090 20 BUY 8 10034
945 ADD 700091 21 SELL 135 10038
946 CANCEL 700090 20 BUY 0 0
946 CANCEL 700091 21 SELL 0 0
946 ADD 700092 20 BUY 55 10034
946 ADD 700093 21 SELL 134 10036
947 CANCEL 700092 20 BUY 0 0
947 CANCEL 700093 21 SELL 0 0
947 ADD 700094 20 BUY 62 10031
947 ADD 700095 21 SELL 57 10033
948 CANCEL 700094 20 BUY 0 0
948 CANCEL 700095 21 SELL 0 0
948 ADD 700096 20 BUY 99 10032
948 ADD 700097 21 SELL 9 10034
949 CANCEL 700096 20 BUY 0 0
949 CANCEL 700097 21 SELL 0 0
949 ADD 700098 20 BUY 70 10033
949 ADD 700099 21 SELL 103 10035
950 CANCEL 700098 20 BUY 0 0
950 CANCEL 700099 21 SELL 0 0
950 ADD 700100 20 BUY 92 10033
950 ADD 700101 21 SELL 56 10035
951 CANCEL 700100 20 BUY 0 0
951 CANCEL 700101 21 SELL 0 0
951 ADD 700102 20 BUY 112 10033
951 ADD 700103 21 SELL 16 10035
952 CANCEL 700102 20 BUY 0 0
952 CANCEL 700103 21 SELL 0 0
952 ADD 700104 20 BUY 123 10032
952 ADD 700105 21 SELL 30 10034
953 CANCEL 700104 20 BUY 0 0
953 CANCEL 700105 21 SELL 0 0
953 ADD 700106 20 BUY 117 10033
953 ADD 700107 21 SELL 79 10035
954 CANCEL 700106 20 BUY 0 0
954 CANCEL 700107 21 SELL 0 0
954 ADD 700108 20 BUY 102 10035
954 ADD 700109 21 SELL 68 10037
955 CANCEL 700108 20 BUY 0 0
955 CANCEL 700109 21 SELL 0 0
955 ADD 700110 20 BUY 70 10033
955 ADD 700111 21 SELL 62 10035
956 CANCEL 700110 20 BUY 0 0
956 CANCEL 700111 21 SELL 0 0
956 ADD 700112 20 BUY 66 10030
956 ADD 700113 21 SELL 58 10036
957 CANCEL 700112 20 BUY 0 0
957 CANCEL 700113 21 SELL 0 0
957 ADD 700114 20 BUY 29 10032
957 ADD 700115 21 SELL 147 10034
958 CANCEL 700114 20 BUY 0 0
958 CANCEL 700115 21 SELL 0 0
958 ADD 700116 20 BUY 8 10029
958 ADD 700117 21 SELL 121 10031
959 CANCEL 700116 20 BUY 0 0
959 CANCEL 700117 21 SELL 0 0
959 ADD 700118 20 BUY 14 10027
959 ADD 700119 21 SELL 145 10029
960 CANCEL 700118 20 BUY 0 0
960 CANCEL 700119 21 SELL 0 0
960 ADD 700120 20 BUY 15 10021
960 ADD 700121 21 SELL 93 10023
961 CANCEL 700120 20 BUY 0 0
961 CANCEL 700121 21 SELL 0 0
961 ADD 700122 20 BUY 8 10017
961 ADD 700123 21 SELL 122 10021
962 CANCEL 700122 20 BUY 0 0
962 CANCEL 700123 21 SELL 0 0
962 ADD 700124 20 BUY 51 10020
962 ADD 700125 21 SELL 119 10022
963 CANCEL 700124 20 BUY 0 0
963 CANCEL 700125 21 SELL 0 0
963 ADD 700126 20 BUY 27 10016
963 ADD 700127 21 SELL 78 10020
964 CANCEL 700126 20 BUY 0 0
964 CANCEL 700127 21 SELL 0 0
964 ADD 700128 20 BUY 8 10010
964 ADD 700129 21 SELL 159 10012
965 CANCEL 700128 20 BUY 0 0
965 CANCEL 700129 21 SELL 0 0
965 ADD 700130 20 BUY 12 10007
965 ADD 700131 21 SELL 112 10009
966 CANCEL 700130 20 BUY 0 0
966 CANCEL 700131 21 SELL 0 0
966 ADD 700132 20 BUY 8 10002
966 ADD 700133 21 SELL 210 10006
967 CANCEL 700132 20 BUY 0 0
967 CANCEL 700133 21 SELL 0 0
967 ADD 700134 20 BUY 13 9999
967 ADD 700135 21 SELL 92 10003
968 CANCEL 700134 20 BUY 0 0
968 CANCEL 700135 21 SELL 0 0
968 ADD 700136 20 BUY 27 9997
968 ADD 700137 21 SELL 76 9999
969 CANCEL 700136 20 BUY 0 0
969 CANCEL 700137 21 SELL 0 0
969 ADD 700138 20 BUY 24 9992
969 ADD 700139 21 SELL 79 9996
970 CANCEL 700138 20 BUY 0 0
970 CANCEL 700139 21 SELL 0 0
970 ADD 700140 20 BUY 8 9990
970 ADD 700141 21 SELL 150 9992
971 CANCEL 700140 20 BUY 0 0
971 CANCEL 700141 21 SELL 0 0
971 ADD 700142 20 BUY 30 9987
971 ADD 700143 21 SELL 102 9989
972 CANCEL 700142 20 BUY 0 0
972 CANCEL 700143 21 SELL 0 0
972 ADD 700144 20 BUY 40 9986
972 ADD 700145 21 SELL 57 9990
973 CANCEL 700144 20 BUY 0 0
973 CANCEL 700145 21 SELL 0 0
973 ADD 700146 20 BUY 37 9984
973 ADD 700147 21 SELL 124 9986
974 CANCEL 700146 20 BUY 0 0
974 CANCEL 700147 21 SELL 0 0
974 ADD 700148 20 BUY 149 9984
974 ADD 700149 21 SELL 26 9986
975 CANCEL 700148 20 BUY 0 0
975 CANCEL 700149 21 SELL 0 0
975 ADD 700150 20 BUY 141 9987
975 ADD 700151 21 SELL 18 9989
976 CANCEL 700150 20 BUY 0 0
976 CANCEL 700151 21 SELL 0 0
976 ADD 700152 20 BUY 129 9986
976 ADD 700153 21 SELL 34 9990
977 CANCEL 700152 20 BUY 0 0
977 CANCEL 700153 21 SELL 0 0
977 ADD 700154 20 BUY 112 9991
977 ADD 700155 21 SELL 59 9993
978 CANCEL 700154 20 BUY 0 0
978 CANCEL 700155 21 SELL 0 0
978 ADD 700156 20 BUY 134 9991
978 ADD 700157 21 SELL 17 9993
979 CANCEL 700156 20 BUY 0 0
979 CANCEL 700157 21 SELL 0 0
979 ADD 700158 20 BUY 98 9992
979 ADD 700159 21 SELL 22 9994
980 CANCEL 700158 20 BUY 0 0
980 CANCEL 700159 21 SELL 0 0
980 ADD 700160 20 BUY 96 9995
980 ADD 700161 21 SELL 17 9997
981 CANCEL 700160 20 BUY 0 0
981 CANCEL 700161 21 SELL 0 0
981 ADD 700162 20 BUY 116 9997
981 ADD 700163 21 SELL 24 9999
982 CANCEL 700162 20 BUY 0 0
982 CANCEL 700163 21 SELL 0 0
982 ADD 700164 20 BUY 157 9995
982 ADD 700165 21 SELL 22 9997
983 CANCEL 700164 20 BUY 0 0
983 CANCEL 700165 21 SELL 0 0
983 ADD 700166 20 BUY 140 9998
983 ADD 700167 21 SELL 65 10000
984 CANCEL 700166 20 BUY 0 0
984 CANCEL 700167 21 SELL 0 0
984 ADD 700168 20 BUY 100 9999
984 ADD 700169 21 SELL 9 10001
985 CANCEL 700168 20 BUY 0 0
985 CANCEL 700169 21 SELL 0 0
985 ADD 700170 20 BUY 194 10002
985 ADD 700171 21 SELL 8 10004
986 CANCEL 700170 20 BUY 0 0
986 CANCEL 700171 21 SELL 0 0
986 ADD 700172 20 BUY 60 10004
986 ADD 700173 21 SELL 135 10006
987 CANCEL 700172 20 BUY 0 0
987 CANCEL 700173 21 SELL 0 0
987 ADD 700174 20 BUY 108 10004
987 ADD 700175 21 SELL 55 10006
988 CANCEL 700174 20 BUY 0 0
988 CANCEL 700175 21 SELL 0 0
988 ADD 700176 20 BUY 53 10006
988 ADD 700177 21 SELL 136 10008
989 CANCEL 700176 20 BUY 0 0
989 CANCEL 700177 21 SELL 0 0
989 ADD 700178 20 BUY 94 10001
989 ADD 700179 21 SELL 99 10003
990 CANCEL 700178 20 BUY 0 0
990 CANCEL 700179 21 SELL 0 0
990 ADD 700180 20 BUY 109 10000
990 ADD 700181 21 SELL 23 10002
991 CANCEL 700180 20 BUY 0 0
991 CANCEL 700181 21 SELL 0 0
991 ADD 700182 20 BUY 139 10003
991 ADD 700183 21 SELL 26 10005
992 CANCEL 700182 20 BUY 0 0
992 CANCEL 700183 21 SELL 0 0
992 ADD 700184 20 BUY 56 10003
992 ADD 700185 21 SELL 68 10005
993 CANCEL 700184 20 BUY 0 0
993 CANCEL 700185 21 SELL 0 0
993 ADD 700186 20 BUY 148 10005
993 ADD 700187 21 SELL 70 10009
994 CANCEL 700186 20 BUY 0 0
994 CANCEL 700187 21 SELL 0 0
994 ADD 700188 20 BUY 87 10006
994 ADD 700189 21 SELL 68 10008
995 CANCEL 700188 20 BUY 0 0
995 CANCEL 700189 21 SELL 0 0
995 ADD 700190 20 BUY 102 10006
995 ADD 700191 21 SELL 18 10008
996 CANCEL 700190 20 BUY 0 0
996 CANCEL 700191 21 SELL 0 0
996 ADD 700192 20 BUY 76 10007
996 ADD 700193 21 SELL 54 10009
997 CANCEL 700192 20 BUY 0 0
997 CANCEL 700193 21 SELL 0 0
997 ADD 700194 20 BUY 72 10009
997 ADD 700195 21 SELL 67 10011
998 CANCEL 700194 20 BUY 0 0
998 CANCEL 700195 21 SELL 0 0
998 ADD 700196 20 BUY 150 10008
998 ADD 700197 21 SELL 15 10014
999 CANCEL 700196 20 BUY 0 0
999 CANCEL 700197 21 SELL 0 0
999 ADD 700198 20 BUY 156 10011
999 ADD 700199 21 SELL 24 10015
1000 CANCEL 700198 20 BUY 0 0
1000 CANCEL 700199 21 SELL 0 0
1000 ADD 700200 20 BUY 148 10014
1000 ADD 700201 21 SELL 13 10016
1001 CANCEL 700200 20 BUY 0 0
1001 CANCEL 700201 21 SELL 0 0
1001 ADD 700202 20 BUY 149 10017
1001 ADD 700203 21 SELL 25 10019
1002 CANCEL 700202 20 BUY 0 0
1002 CANCEL 700203 21 SELL 0 0
1002 ADD 700204 20 BUY 188 10021
1002 ADD 700205 21 SELL 10 10023
1003 CANCEL 700204 20 BUY 0 0
1003 CANCEL 700205 21 SELL 0 0
1003 ADD 700206 20 BUY 186 10023
1003 ADD 700207 21 SELL 9 10025
1004 CANCEL 700206 20 BUY 0 0
1004 CANCEL 700207 21 SELL 0 0
1004 ADD 700208 20 BUY 52 10022
1004 ADD 700209 21 SELL 87 10024
1005 CANCEL 700208 20 BUY 0 0
1005 CANCEL 700209 21 SELL 0 0
1005 ADD 700210 20 BUY 65 10021
1005 ADD 700211 21 SELL 104 10023
1006 CANCEL 700210 20 BUY 0 0
1006 CANCEL 700211 21 SELL 0 0
1006 ADD 700212 20 BUY 51 10021
1006 ADD 700213 21 SELL 45 10023
1007 CANCEL 700212 20 BUY 0 0
1007 CANCEL 700213 21 SELL 0 0
1007 ADD 700214 20 BUY 40 10017
1007 ADD 700215 21 SELL 42 10021
1008 CANCEL 700214 20 BUY 0 0
1008 CANCEL 700215 21 SELL 0 0
1008 ADD 700216 20 BUY 102 10016
1008 ADD 700217 21 SELL 53 10022
1009 CANCEL 700216 20 BUY 0 0
1009 CANCEL 700217 21 SELL 0 0
1009 ADD 700218 20 BUY 100 10019
1009 ADD 700219 21 SELL 43 10021
1010 CANCEL 700218 20 BUY 0 0
1010 CANCEL 700219 21 SELL 0 0
1010 ADD 700220 20 BUY 30 10022
1010 ADD 700221 21 SELL 85 10024
1011 CANCEL 700220 20 BUY 0 0
1011 CANCEL 700221 21 SELL 0 0
1011 ADD 700222 20 BUY 18 10018
1011 ADD 700223 21 SELL 73 10020
1012 CANCEL 700222 20 BUY 0 0
1012 CANCEL 700223 21 SELL 0 0
1012 ADD 700224 20 BUY 51 10017
1012 ADD 700225 21 SELL 121 10019
1013 CANCEL 700224 20 BUY 0 0
1013 CANCEL 700225 21 SELL 0 0
1013 ADD 700226 20 BUY 155 10012
1013 ADD 700227 21 SELL 19 10014
1014 CANCEL 700226 20 BUY 0 0
1014 CANCEL 700227 21 SELL 0 0
1014 ADD 700228 20 BUY 115 10014
1014 ADD 700229 21 SELL 9 10016
1015 CANCEL 700228 20 BUY 0 0
1015 CANCEL 700229 21 SELL 0 0
1015 ADD 700230 20 BUY 102 10017
1015 ADD 700231 21 SELL 71 10019
1016 CANCEL 700230 20 BUY 0 0
1016 CANCEL 700231 21 SELL 0 0
1016 ADD 700232 20 BUY 98 10019
1016 ADD 700233 21 SELL 54 10021
1017 CANCEL 700232 20 BUY 0 0
1017 CANCEL 700233 21 SELL 0 0
1017 ADD 700234 20 BUY 178 10020
1017 ADD 700235 21 SELL 23 10022
1018 CANCEL 700234 20 BUY 0 0
1018 CANCEL 700235 21 SELL 0 0
1018 ADD 700236 20 BUY 105 10022
1018 ADD 700237 21 SELL 18 10024
1019 CANCEL 700236 20 BUY 0 0
1019 CANCEL 700237 21 SELL 0 0
1019 ADD 700238 20 BUY 103 10024
1019 ADD 700239 21 SELL 48 10030
1020 CANCEL 700238 20 BUY 0 0
1020 CANCEL 700239 21 SELL 0 0
1020 ADD 700240 20 BUY 63 10031
1020 ADD 700241 21 SELL 32 10033
1021 CANCEL 700240 20 BUY 0 0
1021 CANCEL 700241 21 SELL 0 0
1021 ADD 700242 20 BUY 137 10032
1021 ADD 700243 21 SELL 50 10036
1022 CANCEL 700242 20 BUY 0 0
1022 CANCEL 700243 21 SELL 0 0
1022 ADD 700244 20 BUY 187 10031
1022 ADD 700245 21 SELL 9 10035
1023 CANCEL 700244 20 BUY 0 0
1023 CANCEL 700245 21 SELL 0 0
1023 ADD 700246 20 BUY 148 10033
1023 ADD 700247 21 SELL 56 10035
1024 CANCEL 700246 20 BUY 0 0
1024 CANCEL 700247 21 SELL 0 0
1024 ADD 700248 20 BUY 188 10034
1024 ADD 700249 21 SELL 8 10036
1025 CANCEL 700248 20 BUY 0 0
1025 CANCEL 700249 21 SELL 0 0
1025 ADD 700250 20 BUY 97 10037
1025 ADD 700251 21 SELL 12 10041
1026 CANCEL 700250 20 BUY 0 0
1026 CANCEL 700251 21 SELL 0 0
1026 ADD 700252 20 BUY 121 10042
1026 ADD 700253 21 SELL 22 10044
1027 CANCEL 700252 20 BUY 0 0
1027 CANCEL 700253 21 SELL 0 0
1027 ADD 700254 20 BUY 71 10041
1027 ADD 700255 21 SELL 61 10045
1028 CANCEL 700254 20 BUY 0 0
1028 CANCEL 700255 21 SELL 0 0
1028 ADD 700256 20 BUY 117 10042
1028 ADD 700257 21 SELL 27 10044
1029 CANCEL 700256 20 BUY 0 0
1029 CANCEL 700257 21 SELL 0 0
1029 ADD 700258 20 BUY 165 10044
1029 ADD 700259 21 SELL 44 10046
1030 CANCEL 700258 20 BUY 0 0
1030 CANCEL 700259 21 SELL 0 0
1030 ADD 700260 20 BUY 128 10046
1030 ADD 700261 21 SELL 8 10050
1031 CANCEL 700260 20 BUY 0 0
1031 CANCEL 700261 21 SELL 0 0
1031 ADD 700262 20 BUY 163 10048
1031 ADD 700263 21 SELL 26 10050
1032 CANCEL 700262 20 BUY 0 0
1032 CANCEL 700263 21 SELL 0 0
1032 ADD 700264 20 BUY 208 10048
1032 ADD 700265 21 SELL 8 10052
1033 CANCEL 700264 20 BUY 0 0
1033 CANCEL 700265 21 SELL 0 0
1033 ADD 700266 20 BUY 114 10050
1033 ADD 700267 21 SELL 19 10052
1034 CANCEL 700266 20 BUY 0 0
1034 CANCEL 700267 21 SELL 0 0
1034 ADD 700268 20 BUY 152 10050
1034 ADD 700269 21 SELL 8 10052
1035 CANCEL 700268 20 BUY 0 0
1035 CANCEL 700269 21 SELL 0 0
1035 ADD 700270 20 BUY 136 10051
1035 ADD 700271 21 SELL 8 10053
1036 CANCEL 700270 20 BUY 0 0
1036 CANCEL 700271 21 SELL 0 0
1036 ADD 700272 20 BUY 128 10053
1036 ADD 700273 21 SELL 37 10055
1037 CANCEL 700272 20 BUY 0 0
1037 CANCEL 700273 21 SELL 0 0
1037 ADD 700274 20 BUY 110 10054
1037 ADD 700275 21 SELL 8 10056
1038 CANCEL 700274 20 BUY 0 0
1038 CANCEL 700275 21 SELL 0 0
1038 ADD 700276 20 BUY 67 10054
1038 ADD 700277 21 SELL 66 10056
1039 CANCEL 700276 20 BUY 0 0
1039 CANCEL 700277 21 SELL 0 0
1039 ADD 700278 20 BUY 71 10053
1039 ADD 700279 21 SELL 57 10057
1040 CANCEL 700278 20 BUY 0 0
1040 CANCEL 700279 21 SELL 0 0
1040 ADD 700280 20 BUY 93 10053
1040 ADD 700281 21 SELL 49 10055
1041 CANCEL 700280 20 BUY 0 0
1041 CANCEL 700281 21 SELL 0 0
1041 ADD 700282 20 BUY 125 10053
1041 ADD 700283 21 SELL 68 10055
1042 CANCEL 700282 20 BUY 0 0
1042 CANCEL 700283 21 SELL 0 0
1042 ADD 700284 20 BUY 14 10051
1042 ADD 700285 21 SELL 160 10053
1043 CANCEL 700284 20 BUY 0 0
1043 CANCEL 700285 21 SELL 0 0
1043 ADD 700286 20 BUY 25 10045
1043 ADD 700287 21 SELL 87 10047
1044 CANCEL 700286 20 BUY 0 0
1044 CANCEL 700287 21 SELL 0 0
1044 ADD 700288 20 BUY 88 10043
1044 ADD 700289 21 SELL 93 10045
1045 CANCEL 700288 20 BUY 0 0
1045 CANCEL 700289 21 SELL 0 0
1045 ADD 700290 20 BUY 165 10044
1045 ADD 700291 21 SELL 24 10046
1046 CANCEL 700290 20 BUY 0 0
1046 CANCEL 700291 21 SELL 0 0
1046 ADD 700292 20 BUY 99 10043
1046 ADD 700293 21 SELL 15 10047
1047 CANCEL 700292 20 BUY 0 0
1047 CANCEL 700293 21 SELL 0 0
1047 ADD 700294 20 BUY 118 10045
1047 ADD 700295 21 SELL 8 10047
1048 CANCEL 700294 20 BUY 0 0
1048 CANCEL 700295 21 SELL 0 0
1048 ADD 700296 20 BUY 145 10048
1048 ADD 700297 21 SELL 8 10050
1049 CANCEL 700296 20 BUY 0 0
1049 CANCEL 700297 21 SELL 0 0
1049 ADD 700298 20 BUY 81 10048
1049 ADD 700299 21 SELL 26 10050
1050 CANCEL 700298 20 BUY 0 0
1050 CANCEL 700299 21 SELL 0 0
1050 ADD 700300 20 BUY 67 10044
1050 ADD 700301 21 SELL 111 10050
1051 CANCEL 700300 20 BUY 0 0
1051 CANCEL 700301 21 SELL 0 0
1051 ADD 700302 20 BUY 14 10044
1051 ADD 700303 21 SELL 87 10046
1052 CANCEL 700302 20 BUY 0 0
1052 CANCEL 700303 21 SELL 0 0
1052 ADD 700304 20 BUY 22 10041
1052 ADD 700305 21 SELL 120 10045
1053 CANCEL 700304 20 BUY 0 0
1053 CANCEL 700305 21 SELL 0 0
1053 ADD 700306 20 BUY 87 10041
1053 ADD 700307 21 SELL 92 10045
1054 CANCEL 700306 20 BUY 0 0
1054 CANCEL 700307 21 SELL 0 0
1054 ADD 700308 20 BUY 166 10041
1054 ADD 700309 21 SELL 38 10043
1055 CANCEL 700308 20 BUY 0 0
1055 CANCEL 700309 21 SELL 0 0
1055 ADD 700310 20 BUY 136 10038
1055 ADD 700311 21 SELL 25 10040
1056 CANCEL 700310 20 BUY 0 0
1056 CANCEL 700311 21 SELL 0 0
1056 ADD 700312 20 BUY 155 10039
1056 ADD 700313 21 SELL 15 10041
1057 CANCEL 700312 20 BUY 0 0
1057 CANCEL 700313 21 SELL 0 0
1057 ADD 700314 20 BUY 111 10039
1057 ADD 700315 21 SELL 61 10041
1058 CANCEL 700314 20 BUY 0 0
1058 CANCEL 700315 21 SELL 0 0
1058 ADD 700316 20 BUY 57 10040
1058 ADD 700317 21 SELL 37 10044
1059 CANCEL 700316 20 BUY 0 0
1059 CANCEL 700317 21 SELL 0 0
1059 ADD 700318 20 BUY 93 10041
1059 ADD 700319 21 SELL 8 10045
1060 CANCEL 700318 20 BUY 0 0
1060 CANCEL 700319 21 SELL 0 0
1060 ADD 700320 20 BUY 96 10042
1060 ADD 700321 21 SELL 18 10044
1061 CANCEL 700320 20 BUY 0 0
1061 CANCEL 700321 21 SELL 0 0
1061 ADD 700322 20 BUY 124 10042
1061 ADD 700323 21 SELL 82 10046
1062 CANCEL 700322 20 BUY 0 0
1062 CANCEL 700323 21 SELL 0 0
1062 ADD 700324 20 BUY 170 10042
1062 ADD 700325 21 SELL 26 10048
1063 CANCEL 700324 20 BUY 0 0
1063 CANCEL 700325 21 SELL 0 0
1063 ADD 700326 20 BUY 141 10040
1063 ADD 700327 21 SELL 8 10044
1064 CANCEL 700326 20 BUY 0 0
1064 CANCEL 700327 21 SELL 0 0
1064 ADD 700328 20 BUY 160 10041
1064 ADD 700329 21 SELL 46 10043
1065 CANCEL 700328 20 BUY 0 0
1065 CANCEL 700329 21 SELL 0 0
1065 ADD 700330 20 BUY 53 10043
1065 ADD 700331 21 SELL 67 10045
1066 CANCEL 700330 20 BUY 0 0
1066 CANCEL 700331 21 SELL 0 0
1066 ADD 700332 20 BUY 8 10038
1066 ADD 700333 21 SELL 105 10042
1067 CANCEL 700332 20 BUY 0 0
1067 CANCEL 700333 21 SELL 0 0
1067 ADD 700334 20 BUY 118 10035
1067 ADD 700335 21 SELL 34 10039
1068 CANCEL 700334 20 BUY 0 0
1068 CANCEL 700335 21 SELL 0 0
1068 ADD 700336 20 BUY 96 10034
1068 ADD 700337 21 SELL 10 10040
1069 CANCEL 700336 20 BUY 0 0
1069 CANCEL 700337 21 SELL 0 0
1069 ADD 700338 20 BUY 163 10037
1069 ADD 700339 21 SELL 8 10041
1070 CANCEL 700338 20 BUY 0 0
1070 CANCEL 700339 21 SELL 0 0
1070 ADD 700340 20 BUY 77 10042
1070 ADD 700341 21 SELL 25 10044
1071 CANCEL 700340 20 BUY 0 0
1071 CANCEL 700341 21 SELL 0 0
1071 ADD 700342 20 BUY 126 10045
1071 ADD 700343 21 SELL 14 10047
1072 CANCEL 700342 20 BUY 0 0
1072 CANCEL 700343 21 SELL 0 0
1072 ADD 700344 20 BUY 80 10043
1072 ADD 700345 21 SELL 50 10049
1073 CANCEL 700344 20 BUY 0 0
1073 CANCEL 700345 21 SELL 0 0
1073 ADD 700346 20 BUY 163 10046
1073 ADD 700347 21 SELL 29 10050
1074 CANCEL 700346 20 BUY 0 0
1074 CANCEL 700347 21 SELL 0 0
1074 ADD 700348 20 BUY 146 10047
1074 ADD 700349 21 SELL 17 10049
1075 CANCEL 700348 20 BUY 0 0
1075 CANCEL 700349 21 SELL 0 0
1075 ADD 700350 20 BUY 89 10050
1075 ADD 700351 21 SELL 20 10052
1076 CANCEL 700350 20 BUY 0 0
1076 CANCEL 700351 21 SELL 0 0
1076 ADD 700352 20 BUY 108 10051
1076 ADD 700353 21 SELL 52 10053
1077 CANCEL 700352 20 BUY 0 0
1077 CANCEL 700353 21 SELL 0 0
1077 ADD 700354 20 BUY 81 10051
1077 ADD 700355 21 SELL 86 10055
1078 CANCEL 700354 20 BUY 0 0
1078 CANCEL 700355 21 SELL 0 0
1078 ADD 700356 20 BUY 93 10052
1078 ADD 700357 21 SELL 47 10054
1079 CANCEL 700356 20 BUY 0 0
1079 CANCEL 700357 21 SELL 0 0
1079 ADD 700358 20 BUY 55 10054
1079 ADD 700359 21 SELL 29 10056
1080 CANCEL 700358 20 BUY 0 0
1080 CANCEL 700359 21 SELL 0 0
1080 ADD 700360 20 BUY 92 10055
1080 ADD 700361 21 SELL 19 10057
1081 CANCEL 700360 20 BUY 0 0
1081 CANCEL 700361 21 SELL 0 0
1081 ADD 700362 20 BUY 159 10059
1081 ADD 700363 21 SELL 29 10061
1082 CANCEL 700362 20 BUY 0 0
1082 CANCEL 700363 21 SELL 0 0
1082 ADD 700364 20 BUY 97 10057
1082 ADD 700365 21 SELL 8 10061
1083 CANCEL 700364 20 BUY 0 0
1083 CANCEL 700365 21 SELL 0 0
1083 ADD 700366 20 BUY 127 10058
1083 ADD 700367 21 SELL 20 10060
1084 CANCEL 700366 20 BUY 0 0
1084 CANCEL 700367 21 SELL 0 0
1084 ADD 700368 20 BUY 140 10060
1084 ADD 700369 21 SELL 36 10062
1085 CANCEL 700368 20 BUY 0 0
1085 CANCEL 700369 21 SELL 0 0
1085 ADD 700370 20 BUY 53 10060
1085 ADD 700371 21 SELL 35 10062
1086 CANCEL 700370 20 BUY 0 0
1086 CANCEL 700371 21 SELL 0 0
1086 ADD 700372 20 BUY 27 10059
1086 ADD 700373 21 SELL 80 10061
1087 CANCEL 700372 20 BUY 0 0
1087 CANCEL 700373 21 SELL 0 0
1087 ADD 700374 20 BUY 59 10055
1087 ADD 700375 21 SELL 110 10057
1088 CANCEL 700374 20 BUY 0 0
1088 CANCEL 700375 21 SELL 0 0
1088 ADD 700376 20 BUY 54 10053
1088 ADD 700377 21 SELL 109 10055
1089 CANCEL 700376 20 BUY 0 0
1089 CANCEL 700377 21 SELL 0 0
1089 ADD 700378 20 BUY 29 10051
1089 ADD 700379 21 SELL 130 10055
1090 CANCEL 700378 20 BUY 0 0
1090 CANCEL 700379 21 SELL 0 0
1090 ADD 700380 20 BUY 15 10049
1090 ADD 700381 21 SELL 96 10053
1091 CANCEL 700380 20 BUY 0 0
1091 CANCEL 700381 21 SELL 0 0
1091 ADD 700382 20 BUY 115 10046
1091 ADD 700383 21 SELL 65 10048
1092 CANCEL 700382 20 BUY 0 0
1092 CANCEL 700383 21 SELL 0 0
1092 ADD 700384 20 BUY 46 10044
1092 ADD 700385 21 SELL 161 10050
1093 CANCEL 700384 20 BUY 0 0
1093 CANCEL 700385 21 SELL 0 0
1093 ADD 700386 20 BUY 35 10043
1093 ADD 700387 21 SELL 108 10045
1094 CANCEL 700386 20 BUY 0 0
1094 CANCEL 700387 21 SELL 0 0
1094 ADD 700388 20 BUY 53 10040
1094 ADD 700389 21 SELL 157 10042
1095 CANCEL 700388 20 BUY 0 0
1095 CANCEL 700389 21 SELL 0 0
1095 ADD 700390 20 BUY 51 10038
1095 ADD 700391 21 SELL 48 10042
1096 CANCEL 700390 20 BUY 0 0
1096 CANCEL 700391 21 SELL 0 0
1096 ADD 700392 20 BUY 82 10038
1096 ADD 700393 21 SELL 35 10040
1097 CANCEL 700392 20 BUY 0 0
1097 CANCEL 700393 21 SELL 0 0
1097 ADD 700394 20 BUY 80 10037
1097 ADD 700395 21 SELL 37 10043
1098 CANCEL 700394 20 BUY 0 0
1098 CANCEL 700395 21 SELL 0 0
1098 ADD 700396 20 BUY 30 10040
1098 ADD 700397 21 SELL 73 10044
1099 CANCEL 700396 20 BUY 0 0
1099 CANCEL 700397 21 SELL 0 0
1099 ADD 700398 20 BUY 18 10043
1099 ADD 700399 21 SELL 125 10045
1100 CANCEL 700398 20 BUY 0 0
1100 CANCEL 700399 21 SELL 0 0
1100 ADD 700400 20 BUY 94 10038
1100 ADD 700401 21 SELL 78 10042
1101 CANCEL 700400 20 BUY 0 0
1101 CANCEL 700401 21 SELL 0 0
1101 ADD 700402 20 BUY 143 10041
1101 ADD 700403 21 SELL 59 10043
1102 CANCEL 700402 20 BUY 0 0
1102 CANCEL 700403 21 SELL 0 0
1102 ADD 700404 20 BUY 180 10043
1102 ADD 700405 21 SELL 14 10045
1103 CANCEL 700404 20 BUY 0 0
1103 CANCEL 700405 21 SELL 0 0
1103 ADD 700406 20 BUY 170 10043
1103 ADD 700407 21 SELL 37 10047
1104 CANCEL 700406 20 BUY 0 0
1104 CANCEL 700407 21 SELL 0 0
1104 ADD 700408 20 BUY 211 10046
1104 ADD 700409 21 SELL 10 10048
1105 CANCEL 700408 20 BUY 0 0
1105 CANCEL 700409 21 SELL 0 0
1105 ADD 700410 20 BUY 106 10052
1105 ADD 700411 21 SELL 23 10054
1106 CANCEL 700410 20 BUY 0 0
1106 CANCEL 700411 21 SELL 0 0
1106 ADD 700412 20 BUY 100 10053
1106 ADD 700413 21 SELL 8 10057
1107 CANCEL 700412 20 BUY 0 0
1107 CANCEL 700413 21 SELL 0 0
1107 ADD 700414 20 BUY 155 10054
1107 ADD 700415 21 SELL 11 10056
1108 CANCEL 700414 20 BUY 0 0
1108 CANCEL 700415 21 SELL 0 0
1108 ADD 700416 20 BUY 203 10055
1108 ADD 700417 21 SELL 8 10059
1109 CANCEL 700416 20 BUY 0 0
1109 CANCEL 700417 21 SELL 0 0
1109 ADD 700418 20 BUY 114 10056
1109 ADD 700419 21 SELL 23 10058
1110 CANCEL 700418 20 BUY 0 0
1110 CANCEL 700419 21 SELL 0 0
1110 ADD 700420 20 BUY 137 10058
1110 ADD 700421 21 SELL 11 10062
1111 CANCEL 700420 20 BUY 0 0
1111 CANCEL 700421 21 SELL 0 0
1111 ADD 700422 20 BUY 177 10061
1111 ADD 700423 21 SELL 25 10065
1112 CANCEL 700422 20 BUY 0 0
1112 CANCEL 700423 21 SELL 0 0
1112 ADD 700424 20 BUY 156 10061
1112 ADD 700425 21 SELL 17 10063
1113 CANCEL 700424 20 BUY 0 0
1113 CANCEL 700425 21 SELL 0 0
1113 ADD 700426 20 BUY 94 10061
1113 ADD 700427 21 SELL 45 10065
1114 CANCEL 700426 20 BUY 0 0
1114 CANCEL 700427 21 SELL 0 0
1114 ADD 700428 20 BUY 152 10064
1114 ADD 700429 21 SELL 8 10066
1115 CANCEL 700428 20 BUY 0 0
1115 CANCEL 700429 21 SELL 0 0
1115 ADD 700430 20 BUY 140 10064
1115 ADD 700431 21 SELL 37 10066
1116 CANCEL 700430 20 BUY 0 0
1116 CANCEL 700431 21 SELL 0 0
1116 ADD 700432 20 BUY 74 10063
1116 ADD 700433 21 SELL 25 10067
1117 CANCEL 700432 20 BUY 0 0
1117 CANCEL 700433 21 SELL 0 0
1117 ADD 700434 20 BUY 130 10059
1117 ADD 700435 21 SELL 10 10063
1118 CANCEL 700434 20 BUY 0 0
1118 CANCEL 700435 21 SELL 0 0
1118 ADD 700436 20 BUY 175 10060
1118 ADD 700437 21 SELL 8 10066
1119 CANCEL 700436 20 BUY 0 0
1119 CANCEL 700437 21 SELL 0 0
1119 ADD 700438 20 BUY 112 10063
1119 ADD 700439 21 SELL 15 10065
1120 CANCEL 700438 20 BUY 0 0
1120 CANCEL 700439 21 SELL 0 0
1120 ADD 700440 20 BUY 169 10064
1120 ADD 700441 21 SELL 34 10066
1121 CANCEL 700440 20 BUY 0 0
1121 CANCEL 700441 21 SELL 0 0
1121 ADD 700442 20 BUY 173 10065
1121 ADD 700443 21 SELL 8 10067
1122 CANCEL 700442 20 BUY 0 0
1122 CANCEL 700443 21 SELL 0 0
1122 ADD 700444 20 BUY 122 10065
1122 ADD 700445 21 SELL 20 10071
1123 CANCEL 700444 20 BUY 0 0
1123 CANCEL 700445 21 SELL 0 0
1123 ADD 700446 20 BUY 92 10069
1123 ADD 700447 21 SELL 12 10071
1124 CANCEL 700446 20 BUY 0 0
1124 CANCEL 700447 21 SELL 0 0
1124 ADD 700448 20 BUY 112 10072
1124 ADD 700449 21 SELL 8 10074
1125 CANCEL 700448 20 BUY 0 0
1125 CANCEL 700449 21 SELL 0 0
1125 ADD 700450 20 BUY 138 10070
1125 ADD 700451 21 SELL 20 10074
1126 CANCEL 700450 20 BUY 0 0
1126 CANCEL 700451 21 SELL 0 0
1126 ADD 700452 20 BUY 89 10073
1126 ADD 700453 21 SELL 38 10075
1127 CANCEL 700452 20 BUY 0 0
1127 CANCEL 700453 21 SELL 0 0
1127 ADD 700454 20 BUY 152 10071
1127 ADD 700455 21 SELL 8 10075
1128 CANCEL 700454 20 BUY 0 0
1128 CANCEL 700455 21 SELL 0 0
1128 ADD 700456 20 BUY 154 10073
1128 ADD 700457 21 SELL 16 10075
1129 CANCEL 700456 20 BUY 0 0
1129 CANCEL 700457 21 SELL 0 0
1129 ADD 700458 20 BUY 73 10074
1129 ADD 700459 21 SELL 29 10076
1130 CANCEL 700458 20 BUY 0 0
1130 CANCEL 700459 21 SELL 0 0
1130 ADD 700460 20 BUY 116 10074
1130 ADD 700461 21 SELL 21 10076
1131 CANCEL 700460 20 BUY 0 0
1131 CANCEL 700461 21 SELL 0 0
1131 ADD 700462 20 BUY 120 10075
1131 ADD 700463 21 SELL 26 10077
1132 CANCEL 700462 20 BUY 0 0
1132 CANCEL 700463 21 SELL 0 0
1132 ADD 700464 20 BUY 153 10076
1132 ADD 700465 21 SELL 27 10078
1133 CANCEL 700464 20 BUY 0 0
1133 CANCEL 700465 21 SELL 0 0
1133 ADD 700466 20 BUY 96 10078
1133 ADD 700467 21 SELL 8 10080
1134 CANCEL 700466 20 BUY 0 0
1134 CANCEL 700467 21 SELL 0 0
1134 ADD 700468 20 BUY 116 10077
1134 ADD 700469 21 SELL 15 10081
1135 CANCEL 700468 20 BUY 0 0
1135 CANCEL 700469 21 SELL 0 0
1135 ADD 700470 20 BUY 118 10079
1135 ADD 700471 21 SELL 8 10081
1136 CANCEL 700470 20 BUY 0 0
1136 CANCEL 700471 21 SELL 0 0
1136 ADD 700472 20 BUY 129 10080
1136 ADD 700473 21 SELL 15 10082
1137 CANCEL 700472 20 BUY 0 0
1137 CANCEL 700473 21 SELL 0 0
1137 ADD 700474 20 BUY 179 10082
1137 ADD 700475 21 SELL 8 10084
1138 CANCEL 700474 20 BUY 0 0
1138 CANCEL 700475 21 SELL 0 0
1138 ADD 700476 20 BUY 91 10081
1138 ADD 700477 21 SELL 16 10083
1139 CANCEL 700476 20 BUY 0 0
1139 CANCEL 700477 21 SELL 0 0
1139 ADD 700478 20 BUY 107 10081
1139 ADD 700479 21 SELL 20 10083
1140 CANCEL 700478 20 BUY 0 0
1140 CANCEL 700479 21 SELL 0 0
1140 ADD 700480 20 BUY 213 10083
1140 ADD 700481 21 SELL 8 10085
1141 CANCEL 700480 20 BUY 0 0
1141 CANCEL 700481 21 SELL 0 0
1141 ADD 700482 20 BUY 85 10085
1141 ADD 700483 21 SELL 8 10087
1142 CANCEL 700482 20 BUY 0 0
1142 CANCEL 700483 21 SELL 0 0
1142 ADD 700484 20 BUY 153 10086
1142 ADD 700485 21 SELL 19 10090
1143 CANCEL 700484 20 BUY 0 0
1143 CANCEL 700485 21 SELL 0 0
1143 ADD 700486 20 BUY 64 10085
1143 ADD 700487 21 SELL 64 10089
1144 CANCEL 700486 20 BUY 0 0
1144 CANCEL 700487 21 SELL 0 0
1144 ADD 700488 20 BUY 128 10083
1144 ADD 700489 21 SELL 51 10085
1145 CANCEL 700488 20 BUY 0 0
1145 CANCEL 700489 21 SELL 0 0
1145 ADD 700490 20 BUY 8 10077
1145 ADD 700491 21 SELL 66 10081
1146 CANCEL 700490 20 BUY 0 0
1146 CANCEL 700491 21 SELL 0 0
1146 ADD 700492 20 BUY 49 10074
1146 ADD 700493 21 SELL 154 10078
1147 CANCEL 700492 20 BUY 0 0
1147 CANCEL 700493 21 SELL 0 0
1147 ADD 700494 20 BUY 45 10069
1147 ADD 700495 21 SELL 131 10073
1148 CANCEL 700494 20 BUY 0 0
1148 CANCEL 700495 21 SELL 0 0
1148 ADD 700496 20 BUY 13 10062
1148 ADD 700497 21 SELL 86 10066
1149 CANCEL 700496 20 BUY 0 0
1149 CANCEL 700497 21 SELL 0 0
1149 ADD 700498 20 BUY 18 10059
1149 ADD 700499 21 SELL 97 10063
1150 CANCEL 700498 20 BUY 0 0
1150 CANCEL 700499 21 SELL 0 0
1150 ADD 700500 20 BUY 9 10055
1150 ADD 700501 21 SELL 185 10057
1151 CANCEL 700500 20 BUY 0 0
1151 CANCEL 700501 21 SELL 0 0
1151 ADD 700502 20 BUY 34 10051
1151 ADD 700503 21 SELL 104 10055
1152 CANCEL 700502 20 BUY 0 0
1152 CANCEL 700503 21 SELL 0 0
1152 ADD 700504 20 BUY 43 10047
1152 ADD 700505 21 SELL 97 10051
1153 CANCEL 700504 20 BUY 0 0
1153 CANCEL 700505 21 SELL 0 0
1153 ADD 700506 20 BUY 37 10047
1153 ADD 700507 21 SELL 177 10049
1154 CANCEL 700506 20 BUY 0 0
1154 CANCEL 700507 21 SELL 0 0
1154 ADD 700508 20 BUY 72 10044
1154 ADD 700509 21 SELL 117 10046
1155 CANCEL 700508 20 BUY 0 0
1155 CANCEL 700509 21 SELL 0 0
1155 ADD 700510 20 BUY 47 10040
1155 ADD 700511 21 SELL 75 10042
1156 CANCEL 700510 20 BUY 0 0
1156 CANCEL 700511 21 SELL 0 0
1156 ADD 700512 20 BUY 59 10037
1156 ADD 700513 21 SELL 79 10041
1157 CANCEL 700512 20 BUY 0 0
1157 CANCEL 700513 21 SELL 0 0
1157 ADD 700514 20 BUY 81 10035
1157 ADD 700515 21 SELL 96 10037
1158 CANCEL 700514 20 BUY 0 0
1158 CANCEL 700515 21 SELL 0 0
1158 ADD 700516 20 BUY 21 10035
1158 ADD 700517 21 SELL 181 10037
1159 CANCEL 700516 20 BUY 0 0
1159 CANCEL 700517 21 SELL 0 0
1159 ADD 700518 20 BUY 31 10031
1159 ADD 700519 21 SELL 73 10035
1160 CANCEL 700518 20 BUY 0 0
1160 CANCEL 700519 21 SELL 0 0
1160 ADD 700520 20 BUY 13 10029
1160 ADD 700521 21 SELL 133 10031
1161 CANCEL 700520 20 BUY 0 0
1161 CANCEL 700521 21 SELL 0 0
1161 ADD 700522 20 BUY 49 10027
1161 ADD 700523 21 SELL 65 10029
1162 CANCEL 700522 20 BUY 0 0
1162 CANCEL 700523 21 SELL 0 0
1162 ADD 700524 20 BUY 129 10029
1162 ADD 700525 21 SELL 26 10031
1163 CANCEL 700524 20 BUY 0 0
1163 CANCEL 700525 21 SELL 0 0
1163 ADD 700526 20 BUY 36 10031
1163 ADD 700527 21 SELL 88 10033
1164 CANCEL 700526 20 BUY 0 0
1164 CANCEL 700527 21 SELL 0 0
1164 ADD 700528 20 BUY 9 10030
1164 ADD 700529 21 SELL 71 10032
1165 CANCEL 700528 20 BUY 0 0
1165 CANCEL 700529 21 SELL 0 0
1165 ADD 700530 20 BUY 8 10025
1165 ADD 700531 21 SELL 104 10027
1166 CANCEL 700530 20 BUY 0 0
1166 CANCEL 700531 21 SELL 0 0
1166 ADD 700532 20 BUY 11 10021
1166 ADD 700533 21 SELL 158 10025
1167 CANCEL 700532 20 BUY 0 0
1167 CANCEL 700533 21 SELL 0 0
1167 ADD 700534 20 BUY 17 10019
1167 ADD 700535 21 SELL 112 10021
1168 CANCEL 700534 20 BUY 0 0
1168 CANCEL 700535 21 SELL 0 0
1168 ADD 700536 20 BUY 36 10016
1168 ADD 700537 21 SELL 169 10018
1169 CANCEL 700536 20 BUY 0 0
1169 CANCEL 700537 21 SELL 0 0
1169 ADD 700538 20 BUY 20 10013
1169 ADD 700539 21 SELL 82 10015
1170 CANCEL 700538 20 BUY 0 0
1170 CANCEL 700539 21 SELL 0 0
1170 ADD 700540 20 BUY 22 10008
1170 ADD 700541 21 SELL 109 10010
1171 CANCEL 700540 20 BUY 0 0
1171 CANCEL 700541 21 SELL 0 0
1171 ADD 700542 20 BUY 40 10006
1171 ADD 700543 21 SELL 136 10008
1172 CANCEL 700542 20 BUY 0 0
1172 CANCEL 700543 21 SELL 0 0
1172 ADD 700544 20 BUY 49 10002
1172 ADD 700545 21 SELL 126 10004
1173 CANCEL 700544 20 BUY 0 0
1173 CANCEL 700545 21 SELL 0 0
1173 ADD 700546 20 BUY 93 10000
1173 ADD 700547 21 SELL 54 10002
1174 CANCEL 700546 20 BUY 0 0
1174 CANCEL 700547 21 SELL 0 0
1174 ADD 700548 20 BUY 19 9998
1174 ADD 700549 21 SELL 79 10002
1175 CANCEL 700548 20 BUY 0 0
1175 CANCEL 700549 21 SELL 0 0
1175 ADD 700550 20 BUY 27 9994
1175 ADD 700551 21 SELL 146 10000
1176 CANCEL 700550 20 BUY 0 0
1176 CANCEL 700551 21 SELL 0 0
1176 ADD 700552 20 BUY 22 9993
1176 ADD 700553 21 SELL 71 9995
1177 CANCEL 700552 20 BUY 0 0
1177 CANCEL 700553 21 SELL 0 0
1177 ADD 700554 20 BUY 8 9990
1177 ADD 700555 21 SELL 120 9992
1178 CANCEL 700554 20 BUY 0 0
1178 CANCEL 700555 21 SELL 0 0
1178 ADD 700556 20 BUY 12 9984
1178 ADD 700557 21 SELL 78 9986
1179 CANCEL 700556 20 BUY 0 0
1179 CANCEL 700557 21 SELL 0 0
1179 ADD 700558 20 BUY 8 9982
1179 ADD 700559 21 SELL 145 9984
1180 CANCEL 700558 20 BUY 0 0
1180 CANCEL 700559 21 SELL 0 0
1180 ADD 700560 20 BUY 14 9978
1180 ADD 700561 21 SELL 192 9980
1181 CANCEL 700560 20 BUY 0 0
1181 CANCEL 700561 21 SELL 0 0
1181 ADD 700562 20 BUY 9 9976
1181 ADD 700563 21 SELL 117 9978
1182 CANCEL 700562 20 BUY 0 0
1182 CANCEL 700563 21 SELL 0 0
1182 ADD 700564 20 BUY 19 9973
1182 ADD 700565 21 SELL 182 9975
1183 CANCEL 700564 20 BUY 0 0
1183 CANCEL 700565 21 SELL 0 0
1183 ADD 700566 20 BUY 8 9972
1183 ADD 700567 21 SELL 103 9974
1184 CANCEL 700566 20 BUY 0 0
1184 CANCEL 700567 21 SELL 0 0
1184 ADD 700568 20 BUY 23 9974
1184 ADD 700569 21 SELL 142 9976
1185 CANCEL 700568 20 BUY 0 0
1185 CANCEL 700569 21 SELL 0 0
1185 ADD 700570 20 BUY 8 9971
1185 ADD 700571 21 SELL 121 9975
1186 CANCEL 700570 20 BUY 0 0
1186 CANCEL 700571 21 SELL 0 0
1186 ADD 700572 20 BUY 14 9967
1186 ADD 700573 21 SELL 68 9969
1187 CANCEL 700572 20 BUY 0 0
1187 CANCEL 700573 21 SELL 0 0
1187 ADD 700574 20 BUY 38 9965
1187 ADD 700575 21 SELL 90 9967
1188 CANCEL 700574 20 BUY 0 0
1188 CANCEL 700575 21 SELL 0 0
1188 ADD 700576 20 BUY 66 9964
1188 ADD 700577 21 SELL 125 9968
1189 CANCEL 700576 20 BUY 0 0
1189 CANCEL 700577 21 SELL 0 0
1189 ADD 700578 20 BUY 65 9961
1189 ADD 700579 21 SELL 24 9967
1190 CANCEL 700578 20 BUY 0 0
1190 CANCEL 700579 21 SELL 0 0
1190 ADD 700580 20 BUY 115 9962
1190 ADD 700581 21 SELL 34 9968
1191 CANCEL 700580 20 BUY 0 0
1191 CANCEL 700581 21 SELL 0 0
1191 ADD 700582 20 BUY 65 9967
1191 ADD 700583 21 SELL 155 9969
1192 CANCEL 700582 20 BUY 0 0
1192 CANCEL 700583 21 SELL 0 0
1192 ADD 700584 20 BUY 31 9965
1192 ADD 700585 21 SELL 138 9967
1193 CANCEL 700584 20 BUY 0 0
1193 CANCEL 700585 21 SELL 0 0
1193 ADD 700586 20 BUY 35 9963
1193 ADD 700587 21 SELL 157 9965
1194 CANCEL 700586 20 BUY 0 0
1194 CANCEL 700587 21 SELL 0 0
1194 ADD 700588 20 BUY 112 9962
1194 ADD 700589 21 SELL 33 9966
1195 CANCEL 700588 20 BUY 0 0
1195 CANCEL 700589 21 SELL 0 0
1195 ADD 700590 20 BUY 17 9966
1195 ADD 700591 21 SELL 82 9972
1196 CANCEL 700590 20 BUY 0 0
1196 CANCEL 700591 21 SELL 0 0
1196 ADD 700592 20 BUY 8 9964
1196 ADD 700593 21 SELL 105 9968
1197 CANCEL 700592 20 BUY 0 0
1197 CANCEL 700593 21 SELL 0 0
1197 ADD 700594 20 BUY 15 9964
1197 ADD 700595 21 SELL 69 9966
1198 CANCEL 700594 20 BUY 0 0
1198 CANCEL 700595 21 SELL 0 0
1198 ADD 700596 20 BUY 10 9959
1198 ADD 700597 21 SELL 173 9965
1199 CANCEL 700596 20 BUY 0 0
1199 CANCEL 700597 21 SELL 0 0
1199 ADD 700598 20 BUY 58 9959
1199 ADD 700599 21 SELL 37 9963
1200 CANCEL 700598 20 BUY 0 0
1200 CANCEL 700599 21 SELL 0 0
1200 ADD 700600 20 BUY 85 9962
1200 ADD 700601 21 SELL 98 9966
1201 CANCEL 700600 20 BUY 0 0
1201 CANCEL 700601 21 SELL 0 0
1201 ADD 700602 20 BUY 9 9961
1201 ADD 700603 21 SELL 118 9965
1202 CANCEL 700602 20 BUY 0 0
1202 CANCEL 700603 21 SELL 0 0
1202 ADD 700604 20 BUY 8 9959
1202 ADD 700605 21 SELL 128 9961
1203 CANCEL 700604 20 BUY 0 0
1203 CANCEL 700605 21 SELL 0 0
1203 ADD 700606 20 BUY 8 9957
1203 ADD 700607 21 SELL 80 9959
1204 CANCEL 700606 20 BUY 0 0
1204 CANCEL 700607 21 SELL 0 0
1204 ADD 700608 20 BUY 8 9956
1204 ADD 700609 21 SELL 80 9958
1205 CANCEL 700608 20 BUY 0 0
1205 CANCEL 700609 21 SELL 0 0
1205 ADD 700610 20 BUY 32 9954
1205 ADD 700611 21 SELL 109 9956
1206 CANCEL 700610 20 BUY 0 0
1206 CANCEL 700611 21 SELL 0 0
1206 ADD 700612 20 BUY 64 9951
1206 ADD 700613 21 SELL 89 9955
1207 CANCEL 700612 20 BUY 0 0
1207 CANCEL 700613 21 SELL 0 0
1207 ADD 700614 20 BUY 61 9952
1207 ADD 700615 21 SELL 120 9956
1208 CANCEL 700614 20 BUY 0 0
1208 CANCEL 700615 21 SELL 0 0
1208 ADD 700616 20 BUY 26 9953
1208 ADD 700617 21 SELL 178 9955
1209 CANCEL 700616 20 BUY 0 0
1209 CANCEL 700617 21 SELL 0 0
1209 ADD 700618 20 BUY 13 9952
1209 ADD 700619 21 SELL 179 9954
1210 CANCEL 700618 20 BUY 0 0
1210 CANCEL 700619 21 SELL 0 0
1210 ADD 700620 20 BUY 16 9950
1210 ADD 700621 21 SELL 66 9954
1211 CANCEL 700620 20 BUY 0 0
1211 CANCEL 700621 21 SELL 0 0
1211 ADD 700622 20 BUY 11 9950
1211 ADD 700623 21 SELL 181 9952
1212 CANCEL 700622 20 BUY 0 0
1212 CANCEL 700623 21 SELL 0 0
1212 ADD 700624 20 BUY 13 9951
1212 ADD 700625 21 SELL 133 9955
1213 CANCEL 700624 20 BUY 0 0
1213 CANCEL 700625 21 SELL 0 0
1213 ADD 700626 20 BUY 8 9949
1213 ADD 700627 21 SELL 114 9951
1214 CANCEL 700626 20 BUY 0 0
1214 CANCEL 700627 21 SELL 0 0
1214 ADD 700628 20 BUY 8 9946
1214 ADD 700629 21 SELL 119 9952
1215 CANCEL 700628 20 BUY 0 0
1215 CANCEL 700629 21 SELL 0 0
1215 ADD 700630 20 BUY 25 9947
1215 ADD 700631 21 SELL 69 9949
1216 CANCEL 700630 20 BUY 0 0
1216 CANCEL 700631 21 SELL 0 0
1216 ADD 700632 20 BUY 8 9947
1216 ADD 700633 21 SELL 156 9949
1217 CANCEL 700632 20 BUY 0 0
1217 CANCEL 700633 21 SELL 0 0
1217 ADD 700634 20 BUY 49 9947
1217 ADD 700635 21 SELL 88 9949
1218 CANCEL 700634 20 BUY 0 0
1218 CANCEL 700635 21 SELL 0 0
1218 ADD 700636 20 BUY 138 9944
1218 ADD 700637 21 SELL 58 9946
1219 CANCEL 700636 20 BUY 0 0
1219 CANCEL 700637 21 SELL 0 0
1219 ADD 700638 20 BUY 78 9945
1219 ADD 700639 21 SELL 94 9949
1220 CANCEL 700638 20 BUY 0 0
1220 CANCEL 700639 21 SELL 0 0
1220 ADD 700640 20 BUY 48 9947
1220 ADD 700641 21 SELL 54 9949
1221 CANCEL 700640 20 BUY 0 0
1221 CANCEL 700641 21 SELL 0 0
1221 ADD 700642 20 BUY 76 9946
1221 ADD 700643 21 SELL 126 9948
1222 CANCEL 700642 20 BUY 0 0
1222 CANCEL 700643 21 SELL 0 0
1222 ADD 700644 20 BUY 68 9946
1222 ADD 700645 21 SELL 63 9950
1223 CANCEL 700644 20 BUY 0 0
1223 CANCEL 700645 21 SELL 0 0
1223 ADD 700646 20 BUY 86 9948
1223 ADD 700647 21 SELL 80 9952
1224 CANCEL 700646 20 BUY 0 0
1224 CANCEL 700647 21 SELL 0 0
1224 ADD 700648 20 BUY 38 9951
1224 ADD 700649 21 SELL 71 9955
1225 CANCEL 700648 20 BUY 0 0
1225 CANCEL 700649 21 SELL 0 0
1225 ADD 700650 20 BUY 28 9952
1225 ADD 700651 21 SELL 87 9954
1226 CANCEL 700650 20 BUY 0 0
1226 CANCEL 700651 21 SELL 0 0
1226 ADD 700652 20 BUY 136 9952
1226 ADD 700653 21 SELL 8 9954
1227 CANCEL 700652 20 BUY 0 0
1227 CANCEL 700653 21 SELL 0 0
1227 ADD 700654 20 BUY 81 9953
1227 ADD 700655 21 SELL 20 9959
1228 CANCEL 700654 20 BUY 0 0
1228 CANCEL 700655 21 SELL 0 0
1228 ADD 700656 20 BUY 99 9958
1228 ADD 700657 21 SELL 57 9962
1229 CANCEL 700656 20 BUY 0 0
1229 CANCEL 700657 21 SELL 0 0
1229 ADD 700658 20 BUY 92 9962
1229 ADD 700659 21 SELL 64 9964
1230 CANCEL 700658 20 BUY 0 0
1230 CANCEL 700659 21 SELL 0 0
1230 ADD 700660 20 BUY 93 9961
1230 ADD 700661 21 SELL 73 9967
1231 CANCEL 700660 20 BUY 0 0
1231 CANCEL 700661 21 SELL 0 0
1231 ADD 700662 20 BUY 63 9962
1231 ADD 700663 21 SELL 32 9964
1232 CANCEL 700662 20 BUY 0 0
1232 CANCEL 700663 21 SELL 0 0
1232 ADD 700664 20 BUY 130 9966
1232 ADD 700665 21 SELL 32 9968
1233 CANCEL 700664 20 BUY 0 0
1233 CANCEL 700665 21 SELL 0 0
1233 ADD 700666 20 BUY 96 9968
1233 ADD 700667 21 SELL 82 9970
1234 CANCEL 700666 20 BUY 0 0
1234 CANCEL 700667 21 SELL 0 0
1234 ADD 700668 20 BUY 65 9966
1234 ADD 700669 21 SELL 18 9968
1235 CANCEL 700668 20 BUY 0 0
1235 CANCEL 700669 21 SELL 0 0
1235 ADD 700670 20 BUY 122 9965
1235 ADD 700671 21 SELL 22 9967
1236 CANCEL 700670 20 BUY 0 0
1236 CANCEL 700671 21 SELL 0 0
1236 ADD 700672 20 BUY 184 9966
1236 ADD 700673 21 SELL 8 9970
1237 CANCEL 700672 20 BUY 0 0
1237 CANCEL 700673 21 SELL 0 0
1237 ADD 700674 20 BUY 72 9970
1237 ADD 700675 21 SELL 21 9972
1238 CANCEL 700674 20 BUY 0 0
1238 CANCEL 700675 21 SELL 0 0
1238 ADD 700676 20 BUY 93 9972
1238 ADD 700677 21 SELL 44 9974
1239 CANCEL 700676 20 BUY 0 0
1239 CANCEL 700677 21 SELL 0 0
1239 ADD 700678 20 BUY 27 9977
1239 ADD 700679 21 SELL 76 9981
1240 CANCEL 700678 20 BUY 0 0
1240 CANCEL 700679 21 SELL 0 0
1240 ADD 700680 20 BUY 103 9976
1240 ADD 700681 21 SELL 57 9978
1241 CANCEL 700680 20 BUY 0 0
1241 CANCEL 700681 21 SELL 0 0
1241 ADD 700682 20 BUY 62 9974
1241 ADD 700683 21 SELL 111 9978
1242 CANCEL 700682 20 BUY 0 0
1242 CANCEL 700683 21 SELL 0 0
1242 ADD 700684 20 BUY 147 9975
1242 ADD 700685 21 SELL 40 9977
1243 CANCEL 700684 20 BUY 0 0
1243 CANCEL 700685 21 SELL 0 0
1243 ADD 700686 20 BUY 172 9977
1243 ADD 700687 21 SELL 22 9979
1244 CANCEL 700686 20 BUY 0 0
1244 CANCEL 700687 21 SELL 0 0
1244 ADD 700688 20 BUY 155 9982
1244 ADD 700689 21 SELL 39 9986
1245 CANCEL 700688 20 BUY 0 0
1245 CANCEL 700689 21 SELL 0 0
1245 ADD 700690 20 BUY 114 9986
1245 ADD 700691 21 SELL 26 9992
1246 CANCEL 700690 20 BUY 0 0
1246 CANCEL 700691 21 SELL 0 0
1246 ADD 700692 20 BUY 102 9992
1246 ADD 700693 21 SELL 14 9994
1247 CANCEL 700692 20 BUY 0 0
1247 CANCEL 700693 21 SELL 0 0
1247 ADD 700694 20 BUY 117 9996
1247 ADD 700695 21 SELL 46 9998
1248 CANCEL 700694 20 BUY 0 0
1248 CANCEL 700695 21 SELL 0 0
1248 ADD 700696 20 BUY 80 9995
1248 ADD 700697 21 SELL 40 9999
1249 CANCEL 700696 20 BUY 0 0
1249 CANCEL 700697 21 SELL 0 0
1249 ADD 700698 20 BUY 32 9996
1249 ADD 700699 21 SELL 104 10000
1250 CANCEL 700698 20 BUY 0 0
1250 CANCEL 700699 21 SELL 0 0
1250 ADD 700700 20 BUY 8 9997
1250 ADD 700701 21 SELL 99 9999
1251 CANCEL 700700 20 BUY 0 0
1251 CANCEL 700701 21 SELL 0 0
1251 ADD 700702 20 BUY 21 9993
1251 ADD 700703 21 SELL 145 9995
1252 CANCEL 700702 20 BUY 0 0
1252 CANCEL 700703 21 SELL 0 0
1252 ADD 700704 20 BUY 11 9990
1252 ADD 700705 21 SELL 104 9992
1253 CANCEL 700704 20 BUY 0 0
1253 CANCEL 700705 21 SELL 0 0
1253 ADD 700706 20 BUY 20 9989
1253 ADD 700707 21 SELL 194 9991
1254 CANCEL 700706 20 BUY 0 0
1254 CANCEL 700707 21 SELL 0 0
1254 ADD 700708 20 BUY 8 9989
1254 ADD 700709 21 SELL 84 9991
1255 CANCEL 700708 20 BUY 0 0
1255 CANCEL 700709 21 SELL 0 0
1255 ADD 700710 20 BUY 65 9988
1255 ADD 700711 21 SELL 103 9990
1256 CANCEL 700710 20 BUY 0 0
1256 CANCEL 700711 21 SELL 0 0
1256 ADD 700712 20 BUY 53 9988
1256 ADD 700713 21 SELL 88 9990
1257 CANCEL 700712 20 BUY 0 0
1257 CANCEL 700713 21 SELL 0 0
1257 ADD 700714 20 BUY 64 9987
1257 ADD 700715 21 SELL 52 9991
1258 CANCEL 700714 20 BUY 0 0
1258 CANCEL 700715 21 SELL 0 0
1258 ADD 700716 20 BUY 82 9989
1258 ADD 700717 21 SELL 8 9991
1259 CANCEL 700716 20 BUY 0 0
1259 CANCEL 700717 21 SELL 0 0
1259 ADD 700718 20 BUY 88 9991
1259 ADD 700719 21 SELL 37 9993
